Unnamed: 0,index,ID,duration,start_seg,end_seg,wav,wav_format,wav_opts,spk_id,spk_id_format,spk_id_opts,wrd,wrd_format,wrd_opts,char,char_format,char_opts
88,137499,DavidMcCandless_2010G_601.33_604.85,3.52,601.33,604.85,./ressources/audio/TEDLIUM_release-3/legacy/train/sph/DavidMcCandless_2010G.sph,sph,,DavidMcCandless_2010G,string,,with the language of the mind which is about words and numbers and,string,,w i t h _ t h e _ l a n g u a g e _ o f _ t h e _ m i n d _ w h i c h _ i s _ a b o u t _ w o r d s _ a n d _ n u m b e r s _ a n d,string,
158,137569,DavidMcCandless_2010G_1035.87_1042.54,6.67,1035.87,1042.54,./ressources/audio/TEDLIUM_release-3/legacy/train/sph/DavidMcCandless_2010G.sph,sph,,DavidMcCandless_2010G,string,,often we can get clarity or the answer to a simple question very quickly like this one,string,,o f t e n _ w e _ c a n _ g e t _ c l a r i t y _ o r _ t h e _ a n s w e r _ t o _ a _ s i m p l e _ q u e s t i o n _ v e r y _ q u i c k l y _ l i k e _ t h i s _ o n e,string,
115,137526,DavidMcCandless_2010G_753.88_760.08,6.2,753.88,760.08,./ressources/audio/TEDLIUM_release-3/legacy/train/sph/DavidMcCandless_2010G.sph,sph,,DavidMcCandless_2010G,string,,understand what 's going on in terms of evidence there 's always conflicting evidence should i take vitamin c should i be taking wheatgrass,string,,u n d e r s t a n d _ w h a t _ ' s _ g o i n g _ o n _ i n _ t e r m s _ o f _ e v i d e n c e _ t h e r e _ ' s _ a l w a y s _ c o n f l i c t i n g _ e v i d e n c e _ s h o u l d _ i _ t a k e _ v i t a m i n _ c _ s h o u l d _ i _ b e _ t a k i n g _ w h e a t g r a s s,string,
56,137467,DavidMcCandless_2010G_376.05_379.97,3.92,376.05,379.97,./ressources/audio/TEDLIUM_release-3/legacy/train/sph/DavidMcCandless_2010G.sph,sph,,DavidMcCandless_2010G,string,,can you guess what this data set is what rises twice,string,,c a n _ y o u _ g u e s s _ w h a t _ t h i s _ d a t a _ s e t _ i s _ w h a t _ r i s e s _ t w i c e,string,
65,137476,DavidMcCandless_2010G_462.01_466.7,4.69,462.01,466.7,./ressources/audio/TEDLIUM_release-3/legacy/train/sph/DavidMcCandless_2010G.sph,sph,,DavidMcCandless_2010G,string,,information is beautiful data is beautiful i wonder if i could make my life beautiful ,string,,i n f o r m a t i o n _ i s _ b e a u t i f u l _ d a t a _ i s _ b e a u t i f u l _ i _ w o n d e r _ i f _ i _ c o u l d _ m a k e _ m y _ l i f e _ b e a u t i f u l _,string,
18,137429,DavidMcCandless_2010G_120.71_128.07,7.36,120.71,128.07,./ressources/audio/TEDLIUM_release-3/legacy/train/sph/DavidMcCandless_2010G.sph,sph,,DavidMcCandless_2010G,string,,it mushroomed slightly afghanistan and iraq mushroomed now to three thousand billion so,string,,i t _ m u s h r o o m e d _ s l i g h t l y _ a f g h a n i s t a n _ a n d _ i r a q _ m u s h r o o m e d _ n o w _ t o _ t h r e e _ t h o u s a n d _ b i l l i o n _ s o,string,
112,137523,DavidMcCandless_2010G_738.51_742.09,3.58,738.51,742.09,./ressources/audio/TEDLIUM_release-3/legacy/train/sph/DavidMcCandless_2010G.sph,sph,,DavidMcCandless_2010G,string,,let the dataset change your mindset,string,,l e t _ t h e _ d a t a s e t _ c h a n g e _ y o u r _ m i n d s e t,string,
109,137520,DavidMcCandless_2010G_718.61_726.48,7.87,718.61,726.48,./ressources/audio/TEDLIUM_release-3/legacy/train/sph/DavidMcCandless_2010G.sph,sph,,DavidMcCandless_2010G,string,,so  absolute figures like the military budget in a connected world don 't give you the whole picture they 're not as true as they could be,string,,s o _ _ a b s o l u t e _ f i g u r e s _ l i k e _ t h e _ m i l i t a r y _ b u d g e t _ i n _ a _ c o n n e c t e d _ w o r l d _ d o n _ ' t _ g i v e _ y o u _ t h e _ w h o l e _ p i c t u r e _ t h e y _ ' r e _ n o t _ a s _ t r u e _ a s _ t h e y _ c o u l d _ b e,string,
69,137480,DavidMcCandless_2010G_491.54_497.58,6.04,491.54,497.58,./ressources/audio/TEDLIUM_release-3/legacy/train/sph/DavidMcCandless_2010G.sph,sph,,DavidMcCandless_2010G,string,,and when i started designing i discovered an odd thing about myself  i already knew how to design,string,,a n d _ w h e n _ i _ s t a r t e d _ d e s i g n i n g _ i _ d i s c o v e r e d _ a n _ o d d _ t h i n g _ a b o u t _ m y s e l f _ _ i _ a l r e a d y _ k n e w _ h o w _ t o _ d e s i g n,string,
116,137527,DavidMcCandless_2010G_760.08_764.3,4.22,760.08,764.3,./ressources/audio/TEDLIUM_release-3/legacy/train/sph/DavidMcCandless_2010G.sph,sph,,DavidMcCandless_2010G,string,,this is a visualization of all the evidence for nutritional supplements,string,,t h i s _ i s _ a _ v i s u a l i z a t i o n _ o f _ a l l _ t h e _ e v i d e n c e _ f o r _ n u t r i t i o n a l _ s u p p l e m e n t s,string,
38,137449,DavidMcCandless_2010G_260.18_266.37,6.19,260.18,266.37,./ressources/audio/TEDLIUM_release-3/legacy/train/sph/DavidMcCandless_2010G.sph,sph,,DavidMcCandless_2010G,string,,well  november  christmas video games come out and there may well be an upsurge in the concern about their content ,string,,w e l l _ _ n o v e m b e r _ _ c h r i s t m a s _ v i d e o _ g a m e s _ c o m e _ o u t _ a n d _ t h e r e _ m a y _ w e l l _ b e _ a n _ u p s u r g e _ i n _ t h e _ c o n c e r n _ a b o u t _ t h e i r _ c o n t e n t _,string,
53,137464,DavidMcCandless_2010G_353.16_364.51,11.35,353.16,364.51,./ressources/audio/TEDLIUM_release-3/legacy/train/sph/DavidMcCandless_2010G.sph,sph,,DavidMcCandless_2010G,string,, kind of milking the metaphor a little bit but it 's a really fertile medium  and it feels like visualizations infographics data visualizations they feel like flowers blooming from this medium ,string,,_ k i n d _ o f _ m i l k i n g _ t h e _ m e t a p h o r _ a _ l i t t l e _ b i t _ b u t _ i t _ ' s _ a _ r e a l l y _ f e r t i l e _ m e d i u m _ _ a n d _ i t _ f e e l s _ l i k e _ v i s u a l i z a t i o n s _ i n f o g r a p h i c s _ d a t a _ v i s u a l i z a t i o n s _ t h e y _ f e e l _ l i k e _ f l o w e r s _ b l o o m i n g _ f r o m _ t h i s _ m e d i u m _,string,
76,137487,DavidMcCandless_2010G_527.38_528.38,1.0,527.38,528.38,./ressources/audio/TEDLIUM_release-3/legacy/train/sph/DavidMcCandless_2010G.sph,sph,,DavidMcCandless_2010G,string,,information,string,,i n f o r m a t i o n,string,
98,137509,DavidMcCandless_2010G_656.4_657.55,1.15,656.4,657.55,./ressources/audio/TEDLIUM_release-3/legacy/train/sph/DavidMcCandless_2010G.sph,sph,,DavidMcCandless_2010G,string,, complex,string,,_ c o m p l e x,string,
15,137426,DavidMcCandless_2010G_102.28_104.67,2.39,102.28,104.67,./ressources/audio/TEDLIUM_release-3/legacy/train/sph/DavidMcCandless_2010G.sph,sph,,DavidMcCandless_2010G,string,,americans incredibly generous people,string,,a m e r i c a n s _ i n c r e d i b l y _ g e n e r o u s _ p e o p l e,string,
124,137535,DavidMcCandless_2010G_805.53_810.94,5.41,805.53,810.94,./ressources/audio/TEDLIUM_release-3/legacy/train/sph/DavidMcCandless_2010G.sph,sph,,DavidMcCandless_2010G,string,, and we compiled them and graded them all and it was incredibly frustrating for me because i had a book of two hundred and fifty,string,,_ a n d _ w e _ c o m p i l e d _ t h e m _ a n d _ g r a d e d _ t h e m _ a l l _ a n d _ i t _ w a s _ i n c r e d i b l y _ f r u s t r a t i n g _ f o r _ m e _ b e c a u s e _ i _ h a d _ a _ b o o k _ o f _ t w o _ h u n d r e d _ a n d _ f i f t y,string,
130,137541,DavidMcCandless_2010G_849.99_854.7,4.71,849.99,854.7,./ressources/audio/TEDLIUM_release-3/legacy/train/sph/DavidMcCandless_2010G.sph,sph,,DavidMcCandless_2010G,string,,'s filter that out  so heart is filtered out so i can see if i 'm curious about that i think,string,,' s _ f i l t e r _ t h a t _ o u t _ _ s o _ h e a r t _ i s _ f i l t e r e d _ o u t _ s o _ i _ c a n _ s e e _ i f _ i _ ' m _ c u r i o u s _ a b o u t _ t h a t _ i _ t h i n k,string,
41,137452,DavidMcCandless_2010G_270.55_279.97,9.42,270.55,279.97,./ressources/audio/TEDLIUM_release-3/legacy/train/sph/DavidMcCandless_2010G.sph,sph,,DavidMcCandless_2010G,string,,video games why april well in april one thousand nine hundred and ninety nine was the columbine shooting and since then that fear has been remembered by the media,string,,v i d e o _ g a m e s _ w h y _ a p r i l _ w e l l _ i n _ a p r i l _ o n e _ t h o u s a n d _ n i n e _ h u n d r e d _ a n d _ n i n e t y _ n i n e _ w a s _ t h e _ c o l u m b i n e _ s h o o t i n g _ a n d _ s i n c e _ t h e n _ t h a t _ f e a r _ h a s _ b e e n _ r e m e m b e r e d _ b y _ t h e _ m e d i a,string,
47,137458,DavidMcCandless_2010G_311.71_316.13,4.42,311.71,316.13,./ressources/audio/TEDLIUM_release-3/legacy/train/sph/DavidMcCandless_2010G.sph,sph,,DavidMcCandless_2010G,string,,all the time which is this data is the new oil,string,,a l l _ t h e _ t i m e _ w h i c h _ i s _ t h i s _ d a t a _ i s _ t h e _ n e w _ o i l,string,
134,137545,DavidMcCandless_2010G_887.16_892.1,4.94,887.16,892.1,./ressources/audio/TEDLIUM_release-3/legacy/train/sph/DavidMcCandless_2010G.sph,sph,,DavidMcCandless_2010G,string,, it can go beyond data and it can go beyond numbers i like to apply information visualization,string,,_ i t _ c a n _ g o _ b e y o n d _ d a t a _ a n d _ i t _ c a n _ g o _ b e y o n d _ n u m b e r s _ i _ l i k e _ t o _ a p p l y _ i n f o r m a t i o n _ v i s u a l i z a t i o n,string,
144,137555,DavidMcCandless_2010G_942.62_947.53,4.91,942.62,947.53,./ressources/audio/TEDLIUM_release-3/legacy/train/sph/DavidMcCandless_2010G.sph,sph,,DavidMcCandless_2010G,string,,but i couldn 't because i would have created a lopsided  biased diagram,string,,b u t _ i _ c o u l d n _ ' t _ b e c a u s e _ i _ w o u l d _ h a v e _ c r e a t e d _ a _ l o p s i d e d _ _ b i a s e d _ d i a g r a m,string,
135,137546,DavidMcCandless_2010G_891.92_898.16,6.24,891.92,898.16,./ressources/audio/TEDLIUM_release-3/legacy/train/sph/DavidMcCandless_2010G.sph,sph,,DavidMcCandless_2010G,string,,to ideas and concepts  this is a visualization of the,string,,t o _ i d e a s _ a n d _ c o n c e p t s _ _ t h i s _ i s _ a _ v i s u a l i z a t i o n _ o f _ t h e,string,
60,137471,DavidMcCandless_2010G_437.55_440.62,3.07,437.55,440.62,./ressources/audio/TEDLIUM_release-3/legacy/train/sph/DavidMcCandless_2010G.sph,sph,,DavidMcCandless_2010G,string,,coming out of very bad weekends on a monday,string,,c o m i n g _ o u t _ o f _ v e r y _ b a d _ w e e k e n d s _ o n _ a _ m o n d a y,string,
13,137424,DavidMcCandless_2010G_92.68_97.73,5.05,92.68,97.73,./ressources/audio/TEDLIUM_release-3/legacy/train/sph/DavidMcCandless_2010G.sph,sph,,DavidMcCandless_2010G,string,,this is opec 's revenue this green box here seven hundred and eighty billion a year ,string,,t h i s _ i s _ o p e c _ ' s _ r e v e n u e _ t h i s _ g r e e n _ b o x _ h e r e _ s e v e n _ h u n d r e d _ a n d _ e i g h t y _ b i l l i o n _ a _ y e a r _,string,
148,137559,DavidMcCandless_2010G_969.39_974.84,5.45,969.39,974.84,./ressources/audio/TEDLIUM_release-3/legacy/train/sph/DavidMcCandless_2010G.sph,sph,,DavidMcCandless_2010G,string,,unthreatening about seeing a political perspective  versus being told or forced to,string,,u n t h r e a t e n i n g _ a b o u t _ s e e i n g _ a _ p o l i t i c a l _ p e r s p e c t i v e _ _ v e r s u s _ b e i n g _ t o l d _ o r _ f o r c e d _ t o,string,
142,137553,DavidMcCandless_2010G_931.64_935.28,3.64,931.64,935.28,./ressources/audio/TEDLIUM_release-3/legacy/train/sph/DavidMcCandless_2010G.sph,sph,,DavidMcCandless_2010G,string,,designing this was that when i was designing this image ,string,,d e s i g n i n g _ t h i s _ w a s _ t h a t _ w h e n _ i _ w a s _ d e s i g n i n g _ t h i s _ i m a g e _,string,
91,137502,DavidMcCandless_2010G_617.47_623.33,5.86,617.47,623.33,./ressources/audio/TEDLIUM_release-3/legacy/train/sph/DavidMcCandless_2010G.sph,sph,,DavidMcCandless_2010G,string,,so we can use this new kind of language if you like to alter our perspective or change our views,string,,s o _ w e _ c a n _ u s e _ t h i s _ n e w _ k i n d _ o f _ l a n g u a g e _ i f _ y o u _ l i k e _ t o _ a l t e r _ o u r _ p e r s p e c t i v e _ o r _ c h a n g e _ o u r _ v i e w s,string,
139,137550,DavidMcCandless_2010G_915.49_925.58,10.09,915.49,925.58,./ressources/audio/TEDLIUM_release-3/legacy/train/sph/DavidMcCandless_2010G.sph,sph,,DavidMcCandless_2010G,string,,it 's made up of concepts it explores our worldviews and it helps us it helps me anyway to see what others think to see where they 're coming from and it feels,string,,i t _ ' s _ m a d e _ u p _ o f _ c o n c e p t s _ i t _ e x p l o r e s _ o u r _ w o r l d v i e w s _ a n d _ i t _ h e l p s _ u s _ i t _ h e l p s _ m e _ a n y w a y _ t o _ s e e _ w h a t _ o t h e r s _ t h i n k _ t o _ s e e _ w h e r e _ t h e y _ ' r e _ c o m i n g _ f r o m _ a n d _ i t _ f e e l s,string,
86,137497,DavidMcCandless_2010G_589.74_596.38,6.64,589.74,596.38,./ressources/audio/TEDLIUM_release-3/legacy/train/sph/DavidMcCandless_2010G.sph,sph,,DavidMcCandless_2010G,string,,the eye is exquisitely sensitive to patterns in variations in color shape and pattern,string,,t h e _ e y e _ i s _ e x q u i s i t e l y _ s e n s i t i v e _ t o _ p a t t e r n s _ i n _ v a r i a t i o n s _ i n _ c o l o r _ s h a p e _ a n d _ p a t t e r n,string,
26,137437,DavidMcCandless_2010G_166.15_173.99,7.84,166.15,173.99,./ressources/audio/TEDLIUM_release-3/legacy/train/sph/DavidMcCandless_2010G.sph,sph,,DavidMcCandless_2010G,string,,that you can explore with your eyes a kind of map really a sort of information map and when you 're lost in information an information map is kind of useful,string,,t h a t _ y o u _ c a n _ e x p l o r e _ w i t h _ y o u r _ e y e s _ a _ k i n d _ o f _ m a p _ r e a l l y _ a _ s o r t _ o f _ i n f o r m a t i o n _ m a p _ a n d _ w h e n _ y o u _ ' r e _ l o s t _ i n _ i n f o r m a t i o n _ a n _ i n f o r m a t i o n _ m a p _ i s _ k i n d _ o f _ u s e f u l,string,
161,137572,DavidMcCandless_2010G_1048.72_1054.67,5.95,1048.72,1054.67,./ressources/audio/TEDLIUM_release-3/legacy/train/sph/DavidMcCandless_2010G.sph,sph,,DavidMcCandless_2010G,string,,or the volcano  the grounded planes or the volcano  so we can have a look we look at the data and we see,string,,o r _ t h e _ v o l c a n o _ _ t h e _ g r o u n d e d _ p l a n e s _ o r _ t h e _ v o l c a n o _ _ s o _ w e _ c a n _ h a v e _ a _ l o o k _ w e _ l o o k _ a t _ t h e _ d a t a _ a n d _ w e _ s e e,string,
55,137466,DavidMcCandless_2010G_370.88_375.37,4.49,370.88,375.37,./ressources/audio/TEDLIUM_release-3/legacy/train/sph/DavidMcCandless_2010G.sph,sph,,DavidMcCandless_2010G,string,,interesting things can appear and and different patterns can be revealed  let me show you this,string,,i n t e r e s t i n g _ t h i n g s _ c a n _ a p p e a r _ a n d _ a n d _ d i f f e r e n t _ p a t t e r n s _ c a n _ b e _ r e v e a l e d _ _ l e t _ m e _ s h o w _ y o u _ t h i s,string,
103,137514,DavidMcCandless_2010G_685.03_687.53,2.5,685.03,687.53,./ressources/audio/TEDLIUM_release-3/legacy/train/sph/DavidMcCandless_2010G.sph,sph,,DavidMcCandless_2010G,string,,changes the picture considerably,string,,c h a n g e s _ t h e _ p i c t u r e _ c o n s i d e r a b l y,string,
119,137530,DavidMcCandless_2010G_775.79_781.2,5.41,775.79,781.2,./ressources/audio/TEDLIUM_release-3/legacy/train/sph/DavidMcCandless_2010G.sph,sph,,DavidMcCandless_2010G,string,, so you can immediately apprehend the relationship between efficacy and popularity,string,,_ s o _ y o u _ c a n _ i m m e d i a t e l y _ a p p r e h e n d _ t h e _ r e l a t i o n s h i p _ b e t w e e n _ e f f i c a c y _ a n d _ p o p u l a r i t y,string,
121,137532,DavidMcCandless_2010G_787.51_790.57,3.06,787.51,790.57,./ressources/audio/TEDLIUM_release-3/legacy/train/sph/DavidMcCandless_2010G.sph,sph,,DavidMcCandless_2010G,string,,are worth investigating but only for the conditions,string,,a r e _ w o r t h _ i n v e s t i g a t i n g _ b u t _ o n l y _ f o r _ t h e _ c o n d i t i o n s,string,
104,137515,DavidMcCandless_2010G_687.52_696.95,9.43,687.52,696.95,./ressources/audio/TEDLIUM_release-3/legacy/train/sph/DavidMcCandless_2010G.sph,sph,,DavidMcCandless_2010G,string,,other countries pop into view that you perhaps weren 't considering  and american drops into eighth now you can also do this with soldiers  who has the most soldiers it 's got to be,string,,o t h e r _ c o u n t r i e s _ p o p _ i n t o _ v i e w _ t h a t _ y o u _ p e r h a p s _ w e r e n _ ' t _ c o n s i d e r i n g _ _ a n d _ a m e r i c a n _ d r o p s _ i n t o _ e i g h t h _ n o w _ y o u _ c a n _ a l s o _ d o _ t h i s _ w i t h _ s o l d i e r s _ _ w h o _ h a s _ t h e _ m o s t _ s o l d i e r s _ i t _ ' s _ g o t _ t o _ b e,string,
6,137417,DavidMcCandless_2010G_52.84_61.06,8.22,52.84,61.06,./ressources/audio/TEDLIUM_release-3/legacy/train/sph/DavidMcCandless_2010G.sph,sph,,DavidMcCandless_2010G,string,,five hundred billion for this pipeline twenty billion for this war it doesn 't make any sense  so the only way to understand it is visually and relatively ,string,,f i v e _ h u n d r e d _ b i l l i o n _ f o r _ t h i s _ p i p e l i n e _ t w e n t y _ b i l l i o n _ f o r _ t h i s _ w a r _ i t _ d o e s n _ ' t _ m a k e _ a n y _ s e n s e _ _ s o _ t h e _ o n l y _ w a y _ t o _ u n d e r s t a n d _ i t _ i s _ v i s u a l l y _ a n d _ r e l a t i v e l y _,string,
77,137488,DavidMcCandless_2010G_530.61_533.36,2.75,530.61,533.36,./ressources/audio/TEDLIUM_release-3/legacy/train/sph/DavidMcCandless_2010G.sph,sph,,DavidMcCandless_2010G,string,,almost quite magical about visual information,string,,a l m o s t _ q u i t e _ m a g i c a l _ a b o u t _ v i s u a l _ i n f o r m a t i o n,string,
110,137521,DavidMcCandless_2010G_726.08_729.4,3.32,726.08,729.4,./ressources/audio/TEDLIUM_release-3/legacy/train/sph/DavidMcCandless_2010G.sph,sph,,DavidMcCandless_2010G,string,,we need relative figures that are connected to other data,string,,w e _ n e e d _ r e l a t i v e _ f i g u r e s _ t h a t _ a r e _ c o n n e c t e d _ t o _ o t h e r _ d a t a,string,
59,137470,DavidMcCandless_2010G_430.02_433.15,3.13,430.02,433.15,./ressources/audio/TEDLIUM_release-3/legacy/train/sph/DavidMcCandless_2010G.sph,sph,,DavidMcCandless_2010G,string,, we found people clearing out for spring break,string,,_ w e _ f o u n d _ p e o p l e _ c l e a r i n g _ o u t _ f o r _ s p r i n g _ b r e a k,string,
111,137522,DavidMcCandless_2010G_729.96_738.37,8.41,729.96,738.37,./ressources/audio/TEDLIUM_release-3/legacy/train/sph/DavidMcCandless_2010G.sph,sph,,DavidMcCandless_2010G,string,, can see a fuller picture  and then that can lead to us changing our perspective as hans rosling the master my master  said,string,,_ c a n _ s e e _ a _ f u l l e r _ p i c t u r e _ _ a n d _ t h e n _ t h a t _ c a n _ l e a d _ t o _ u s _ c h a n g i n g _ o u r _ p e r s p e c t i v e _ a s _ h a n s _ r o s l i n g _ t h e _ m a s t e r _ m y _ m a s t e r _ _ s a i d,string,
22,137433,DavidMcCandless_2010G_142.83_149.99,7.16,142.83,149.99,./ressources/audio/TEDLIUM_release-3/legacy/train/sph/DavidMcCandless_2010G.sph,sph,,DavidMcCandless_2010G,string,,is what africa owes and the recent financial crisis how much of this diagram might that figure take up what has that cost the world let 's,string,,i s _ w h a t _ a f r i c a _ o w e s _ a n d _ t h e _ r e c e n t _ f i n a n c i a l _ c r i s i s _ h o w _ m u c h _ o f _ t h i s _ d i a g r a m _ m i g h t _ t h a t _ f i g u r e _ t a k e _ u p _ w h a t _ h a s _ t h a t _ c o s t _ t h e _ w o r l d _ l e t _ ' s,string,
62,137473,DavidMcCandless_2010G_448.8_454.97,6.17,448.8,454.97,./ressources/audio/TEDLIUM_release-3/legacy/train/sph/DavidMcCandless_2010G.sph,sph,,DavidMcCandless_2010G,string,,so there 's a titanic amount of data out there now unprecedented  but if you ask,string,,s o _ t h e r e _ ' s _ a _ t i t a n i c _ a m o u n t _ o f _ d a t a _ o u t _ t h e r e _ n o w _ u n p r e c e d e n t e d _ _ b u t _ i f _ y o u _ a s k,string,
31,137442,DavidMcCandless_2010G_205.44_210.85,5.41,205.44,210.85,./ressources/audio/TEDLIUM_release-3/legacy/train/sph/DavidMcCandless_2010G.sph,sph,,DavidMcCandless_2010G,string,,sars brownish here remember that one  the millennium bug ,string,,s a r s _ b r o w n i s h _ h e r e _ r e m e m b e r _ t h a t _ o n e _ _ t h e _ m i l l e n n i u m _ b u g _,string,
151,137562,DavidMcCandless_2010G_993.46_995.03,1.57,993.46,995.03,./ressources/audio/TEDLIUM_release-3/legacy/train/sph/DavidMcCandless_2010G.sph,sph,,DavidMcCandless_2010G,string,,so,string,,s o,string,
17,137428,DavidMcCandless_2010G_114.17_120.09,5.92,114.17,120.09,./ressources/audio/TEDLIUM_release-3/legacy/train/sph/DavidMcCandless_2010G.sph,sph,,DavidMcCandless_2010G,string,,then of course the iraq war predicted to cost just sixty billion back in two thousand and three and,string,,t h e n _ o f _ c o u r s e _ t h e _ i r a q _ w a r _ p r e d i c t e d _ t o _ c o s t _ j u s t _ s i x t y _ b i l l i o n _ b a c k _ i n _ t w o _ t h o u s a n d _ a n d _ t h r e e _ a n d,string,
44,137455,DavidMcCandless_2010G_291.54_297.28,5.74,291.54,297.28,./ressources/audio/TEDLIUM_release-3/legacy/train/sph/DavidMcCandless_2010G.sph,sph,,DavidMcCandless_2010G,string,,and there 's another pattern here as well can you spot it see that gap there there 's a gap  and it affects all the other stories ,string,,a n d _ t h e r e _ ' s _ a n o t h e r _ p a t t e r n _ h e r e _ a s _ w e l l _ c a n _ y o u _ s p o t _ i t _ s e e _ t h a t _ g a p _ t h e r e _ t h e r e _ ' s _ a _ g a p _ _ a n d _ i t _ a f f e c t s _ a l l _ t h e _ o t h e r _ s t o r i e s _,string,
66,137477,DavidMcCandless_2010G_466.69_474.96,8.27,466.69,474.96,./ressources/audio/TEDLIUM_release-3/legacy/train/sph/DavidMcCandless_2010G.sph,sph,,DavidMcCandless_2010G,string,,and here 's my visual c v i 'm not quite sure i 've succeeded  pretty blocky the colors aren 't that great but i wanted to convey something,string,,a n d _ h e r e _ ' s _ m y _ v i s u a l _ c _ v _ i _ ' m _ n o t _ q u i t e _ s u r e _ i _ ' v e _ s u c c e e d e d _ _ p r e t t y _ b l o c k y _ t h e _ c o l o r s _ a r e n _ ' t _ t h a t _ g r e a t _ b u t _ i _ w a n t e d _ t o _ c o n v e y _ s o m e t h i n g,string,
126,137537,DavidMcCandless_2010G_819.05_828.8,9.75,819.05,828.8,./ressources/audio/TEDLIUM_release-3/legacy/train/sph/DavidMcCandless_2010G.sph,sph,,DavidMcCandless_2010G,string,,visualizing information like this is a form of knowledge compression it 's a way of squeezing an enormous amount of information and understanding into a small space,string,,v i s u a l i z i n g _ i n f o r m a t i o n _ l i k e _ t h i s _ i s _ a _ f o r m _ o f _ k n o w l e d g e _ c o m p r e s s i o n _ i t _ ' s _ a _ w a y _ o f _ s q u e e z i n g _ a n _ e n o r m o u s _ a m o u n t _ o f _ i n f o r m a t i o n _ a n d _ u n d e r s t a n d i n g _ i n t o _ a _ s m a l l _ s p a c e,string,
34,137445,DavidMcCandless_2010G_234.15_243.84,9.69,234.15,243.84,./ressources/audio/TEDLIUM_release-3/legacy/train/sph/DavidMcCandless_2010G.sph,sph,,DavidMcCandless_2010G,string,,but what i love and i 'm a journalist and what i love is finding hidden patterns i love being a data detective and there 's a very interesting and odd pattern hidden in this data that you can only see when you visualize it let,string,,b u t _ w h a t _ i _ l o v e _ a n d _ i _ ' m _ a _ j o u r n a l i s t _ a n d _ w h a t _ i _ l o v e _ i s _ f i n d i n g _ h i d d e n _ p a t t e r n s _ i _ l o v e _ b e i n g _ a _ d a t a _ d e t e c t i v e _ a n d _ t h e r e _ ' s _ a _ v e r y _ i n t e r e s t i n g _ a n d _ o d d _ p a t t e r n _ h i d d e n _ i n _ t h i s _ d a t a _ t h a t _ y o u _ c a n _ o n l y _ s e e _ w h e n _ y o u _ v i s u a l i z e _ i t _ l e t,string,
63,137474,DavidMcCandless_2010G_454.93_459.62,4.69,454.93,459.62,./ressources/audio/TEDLIUM_release-3/legacy/train/sph/DavidMcCandless_2010G.sph,sph,,DavidMcCandless_2010G,string,, the right kind of question or you work it in the right kind of way  interesting things can emerge ,string,,_ t h e _ r i g h t _ k i n d _ o f _ q u e s t i o n _ o r _ y o u _ w o r k _ i t _ i n _ t h e _ r i g h t _ k i n d _ o f _ w a y _ _ i n t e r e s t i n g _ t h i n g s _ c a n _ e m e r g e _,string,
153,137564,DavidMcCandless_2010G_998.23_1004.97,6.74,998.23,1004.97,./ressources/audio/TEDLIUM_release-3/legacy/train/sph/DavidMcCandless_2010G.sph,sph,,DavidMcCandless_2010G,string,,it feels to me that design is about solving problems and providing elegant solutions  and information design,string,,i t _ f e e l s _ t o _ m e _ t h a t _ d e s i g n _ i s _ a b o u t _ s o l v i n g _ p r o b l e m s _ a n d _ p r o v i d i n g _ e l e g a n t _ s o l u t i o n s _ _ a n d _ i n f o r m a t i o n _ d e s i g n,string,
16,137427,DavidMcCandless_2010G_105.2_114.33,9.13,105.2,114.33,./ressources/audio/TEDLIUM_release-3/legacy/train/sph/DavidMcCandless_2010G.sph,sph,,DavidMcCandless_2010G,string,, over three hundred billion a year donated to charity every year  compared with the amount of foreign aid given by the top seventeen industrialized nations at one hundred and twenty billion ,string,,_ o v e r _ t h r e e _ h u n d r e d _ b i l l i o n _ a _ y e a r _ d o n a t e d _ t o _ c h a r i t y _ e v e r y _ y e a r _ _ c o m p a r e d _ w i t h _ t h e _ a m o u n t _ o f _ f o r e i g n _ a i d _ g i v e n _ b y _ t h e _ t o p _ s e v e n t e e n _ i n d u s t r i a l i z e d _ n a t i o n s _ a t _ o n e _ h u n d r e d _ a n d _ t w e n t y _ b i l l i o n _,string,
150,137561,DavidMcCandless_2010G_984.97_992.96,7.99,984.97,992.96,./ressources/audio/TEDLIUM_release-3/legacy/train/sph/DavidMcCandless_2010G.sph,sph,,DavidMcCandless_2010G,string,,'s exciting to me  seeing how data can change my perspective and change my mind midstream beautiful lovely data,string,,' s _ e x c i t i n g _ t o _ m e _ _ s e e i n g _ h o w _ d a t a _ c a n _ c h a n g e _ m y _ p e r s p e c t i v e _ a n d _ c h a n g e _ m y _ m i n d _ m i d s t r e a m _ b e a u t i f u l _ l o v e l y _ d a t a,string,
0,137411,DavidMcCandless_2010G_12.91_17.31,4.4,12.91,17.31,./ressources/audio/TEDLIUM_release-3/legacy/train/sph/DavidMcCandless_2010G.sph,sph,,DavidMcCandless_2010G,string,, all suffering from information overload or data glut  and,string,,_ a l l _ s u f f e r i n g _ f r o m _ i n f o r m a t i o n _ o v e r l o a d _ o r _ d a t a _ g l u t _ _ a n d,string,
71,137482,DavidMcCandless_2010G_500_503.32,3.32,500.0,503.32,./ressources/audio/TEDLIUM_release-3/legacy/train/sph/DavidMcCandless_2010G.sph,sph,,DavidMcCandless_2010G,string,, amazingly brilliant at it but more like i was sensitive to the,string,,_ a m a z i n g l y _ b r i l l i a n t _ a t _ i t _ b u t _ m o r e _ l i k e _ i _ w a s _ s e n s i t i v e _ t o _ t h e,string,
1,137412,DavidMcCandless_2010G_17.31_24.81,7.5,17.31,24.81,./ressources/audio/TEDLIUM_release-3/legacy/train/sph/DavidMcCandless_2010G.sph,sph,,DavidMcCandless_2010G,string,,the good news is there might be an easy solution to that and that 's using our eyes more  so visualizing information so that we can see the patterns and connections that,string,,t h e _ g o o d _ n e w s _ i s _ t h e r e _ m i g h t _ b e _ a n _ e a s y _ s o l u t i o n _ t o _ t h a t _ a n d _ t h a t _ ' s _ u s i n g _ o u r _ e y e s _ m o r e _ _ s o _ v i s u a l i z i n g _ i n f o r m a t i o n _ s o _ t h a t _ w e _ c a n _ s e e _ t h e _ p a t t e r n s _ a n d _ c o n n e c t i o n s _ t h a t,string,
70,137481,DavidMcCandless_2010G_497.84_500.38,2.54,497.84,500.38,./ressources/audio/TEDLIUM_release-3/legacy/train/sph/DavidMcCandless_2010G.sph,sph,,DavidMcCandless_2010G,string,,but it wasn 't like i was amazingly,string,,b u t _ i t _ w a s n _ ' t _ l i k e _ i _ w a s _ a m a z i n g l y,string,
19,137430,DavidMcCandless_2010G_127.85_129.97,2.12,127.85,129.97,./ressources/audio/TEDLIUM_release-3/legacy/train/sph/DavidMcCandless_2010G.sph,sph,,DavidMcCandless_2010G,string,,now it 's great because now we have this texture,string,,n o w _ i t _ ' s _ g r e a t _ b e c a u s e _ n o w _ w e _ h a v e _ t h i s _ t e x t u r e,string,
156,137567,DavidMcCandless_2010G_1026.57_1029.53,2.96,1026.57,1029.53,./ressources/audio/TEDLIUM_release-3/legacy/train/sph/DavidMcCandless_2010G.sph,sph,,DavidMcCandless_2010G,string,, visualizing information can give us a very quick solution,string,,_ v i s u a l i z i n g _ i n f o r m a t i o n _ c a n _ g i v e _ u s _ a _ v e r y _ q u i c k _ s o l u t i o n,string,
89,137500,DavidMcCandless_2010G_604.78_610.28,5.5,604.78,610.28,./ressources/audio/TEDLIUM_release-3/legacy/train/sph/DavidMcCandless_2010G.sph,sph,,DavidMcCandless_2010G,string,, concepts  you start speaking two languages simultaneously each enhancing the other,string,,_ c o n c e p t s _ _ y o u _ s t a r t _ s p e a k i n g _ t w o _ l a n g u a g e s _ s i m u l t a n e o u s l y _ e a c h _ e n h a n c i n g _ t h e _ o t h e r,string,
114,137525,DavidMcCandless_2010G_750.73_753.92,3.19,750.73,753.92,./ressources/audio/TEDLIUM_release-3/legacy/train/sph/DavidMcCandless_2010G.sph,sph,,DavidMcCandless_2010G,string,, taking supplements and being fit but i can never,string,,_ t a k i n g _ s u p p l e m e n t s _ a n d _ b e i n g _ f i t _ b u t _ i _ c a n _ n e v e r,string,
36,137447,DavidMcCandless_2010G_245.41_249.96,4.55,245.41,249.96,./ressources/audio/TEDLIUM_release-3/legacy/train/sph/DavidMcCandless_2010G.sph,sph,,DavidMcCandless_2010G,string,,see this line  this is a landscape for violent video games as you can see there 's a kind of,string,,s e e _ t h i s _ l i n e _ _ t h i s _ i s _ a _ l a n d s c a p e _ f o r _ v i o l e n t _ v i d e o _ g a m e s _ a s _ y o u _ c a n _ s e e _ t h e r e _ ' s _ a _ k i n d _ o f,string,
23,137434,DavidMcCandless_2010G_152.59_154.46,1.87,152.59,154.46,./ressources/audio/TEDLIUM_release-3/legacy/train/sph/DavidMcCandless_2010G.sph,sph,,DavidMcCandless_2010G,string,, i think is the appropriate sound effect for,string,,_ i _ t h i n k _ i s _ t h e _ a p p r o p r i a t e _ s o u n d _ e f f e c t _ f o r,string,
99,137510,DavidMcCandless_2010G_657.21_660.85,3.64,657.21,660.85,./ressources/audio/TEDLIUM_release-3/legacy/train/sph/DavidMcCandless_2010G.sph,sph,,DavidMcCandless_2010G,string,,but is it true that america has the biggest military budget,string,,b u t _ i s _ i t _ t r u e _ t h a t _ a m e r i c a _ h a s _ t h e _ b i g g e s t _ m i l i t a r y _ b u d g e t,string,
92,137503,DavidMcCandless_2010G_622.87_629.82,6.95,622.87,629.82,./ressources/audio/TEDLIUM_release-3/legacy/train/sph/DavidMcCandless_2010G.sph,sph,,DavidMcCandless_2010G,string,,let me ask you a simple question with a really simple answer  who has the biggest military budget it 's got to be,string,,l e t _ m e _ a s k _ y o u _ a _ s i m p l e _ q u e s t i o n _ w i t h _ a _ r e a l l y _ s i m p l e _ a n s w e r _ _ w h o _ h a s _ t h e _ b i g g e s t _ m i l i t a r y _ b u d g e t _ i t _ ' s _ g o t _ t o _ b e,string,
120,137531,DavidMcCandless_2010G_780.95_787.69,6.74,780.95,787.69,./ressources/audio/TEDLIUM_release-3/legacy/train/sph/DavidMcCandless_2010G.sph,sph,,DavidMcCandless_2010G,string,,but you can also if you grade the evidence do a worth it line so supplements above this line,string,,b u t _ y o u _ c a n _ a l s o _ i f _ y o u _ g r a d e _ t h e _ e v i d e n c e _ d o _ a _ w o r t h _ i t _ l i n e _ s o _ s u p p l e m e n t s _ a b o v e _ t h i s _ l i n e,string,
28,137439,DavidMcCandless_2010G_180.68_189.21,8.53,180.68,189.21,./ressources/audio/TEDLIUM_release-3/legacy/train/sph/DavidMcCandless_2010G.sph,sph,,DavidMcCandless_2010G,string,,might look like let 's take a look  this is mountains out of molehills a timeline of global media panic,string,,m i g h t _ l o o k _ l i k e _ l e t _ ' s _ t a k e _ a _ l o o k _ _ t h i s _ i s _ m o u n t a i n s _ o u t _ o f _ m o l e h i l l s _ a _ t i m e l i n e _ o f _ g l o b a l _ m e d i a _ p a n i c,string,
94,137505,DavidMcCandless_2010G_635.21_641.52,6.31,635.21,641.52,./ressources/audio/TEDLIUM_release-3/legacy/train/sph/DavidMcCandless_2010G.sph,sph,,DavidMcCandless_2010G,string,,so massive in fact that it can contain all the other military budgets in the world inside itself gobble gobble gobble gobble gobble,string,,s o _ m a s s i v e _ i n _ f a c t _ t h a t _ i t _ c a n _ c o n t a i n _ a l l _ t h e _ o t h e r _ m i l i t a r y _ b u d g e t s _ i n _ t h e _ w o r l d _ i n s i d e _ i t s e l f _ g o b b l e _ g o b b l e _ g o b b l e _ g o b b l e _ g o b b l e,string,
101,137512,DavidMcCandless_2010G_671.03_674.81,3.78,671.03,674.81,./ressources/audio/TEDLIUM_release-3/legacy/train/sph/DavidMcCandless_2010G.sph,sph,,DavidMcCandless_2010G,string,,so vastly rich so its military budget is bound to be enormous,string,,s o _ v a s t l y _ r i c h _ s o _ i t s _ m i l i t a r y _ b u d g e t _ i s _ b o u n d _ t o _ b e _ e n o r m o u s,string,
58,137469,DavidMcCandless_2010G_422.36_427.87,5.51,422.36,427.87,./ressources/audio/TEDLIUM_release-3/legacy/train/sph/DavidMcCandless_2010G.sph,sph,,DavidMcCandless_2010G,string,, information guru lee byron and myself we scraped ten thousand status facebook updates for the phrase,string,,_ i n f o r m a t i o n _ g u r u _ l e e _ b y r o n _ a n d _ m y s e l f _ w e _ s c r a p e d _ t e n _ t h o u s a n d _ s t a t u s _ f a c e b o o k _ u p d a t e s _ f o r _ t h e _ p h r a s e,string,
14,137425,DavidMcCandless_2010G_97.27_101.63,4.36,97.27,101.63,./ressources/audio/TEDLIUM_release-3/legacy/train/sph/DavidMcCandless_2010G.sph,sph,,DavidMcCandless_2010G,string,,and this little pixel in the corner three billion that 's their climate change fund,string,,a n d _ t h i s _ l i t t l e _ p i x e l _ i n _ t h e _ c o r n e r _ t h r e e _ b i l l i o n _ t h a t _ ' s _ t h e i r _ c l i m a t e _ c h a n g e _ f u n d,string,
43,137454,DavidMcCandless_2010G_287.57_290.86,3.29,287.57,290.86,./ressources/audio/TEDLIUM_release-3/legacy/train/sph/DavidMcCandless_2010G.sph,sph,,DavidMcCandless_2010G,string,,all pushing that fear into the agenda ,string,,a l l _ p u s h i n g _ t h a t _ f e a r _ i n t o _ t h e _ a g e n d a _,string,
8,137419,DavidMcCandless_2010G_72.39_74.21,1.82,72.39,74.21,./ressources/audio/TEDLIUM_release-3/legacy/train/sph/DavidMcCandless_2010G.sph,sph,,DavidMcCandless_2010G,string,,fighting and,string,,f i g h t i n g _ a n d,string,
137,137548,DavidMcCandless_2010G_904.99_912.92,7.93,904.99,912.92,./ressources/audio/TEDLIUM_release-3/legacy/train/sph/DavidMcCandless_2010G.sph,sph,,DavidMcCandless_2010G,string,, from government into society and culture into families into individuals into their beliefs and and back around again in a cycle,string,,_ f r o m _ g o v e r n m e n t _ i n t o _ s o c i e t y _ a n d _ c u l t u r e _ i n t o _ f a m i l i e s _ i n t o _ i n d i v i d u a l s _ i n t o _ t h e i r _ b e l i e f s _ a n d _ a n d _ b a c k _ a r o u n d _ a g a i n _ i n _ a _ c y c l e,string,
11,137422,DavidMcCandless_2010G_82.6_90.27,7.67,82.6,90.27,./ressources/audio/TEDLIUM_release-3/legacy/train/sph/DavidMcCandless_2010G.sph,sph,,DavidMcCandless_2010G,string,,but more importantly you start to see patterns and connections between numbers that would otherwise be scattered across multiple news reports let,string,,b u t _ m o r e _ i m p o r t a n t l y _ y o u _ s t a r t _ t o _ s e e _ p a t t e r n s _ a n d _ c o n n e c t i o n s _ b e t w e e n _ n u m b e r s _ t h a t _ w o u l d _ o t h e r w i s e _ b e _ s c a t t e r e d _ a c r o s s _ m u l t i p l e _ n e w s _ r e p o r t s _ l e t,string,
3,137414,DavidMcCandless_2010G_34.46_40.62,6.16,34.46,40.62,./ressources/audio/TEDLIUM_release-3/legacy/train/sph/DavidMcCandless_2010G.sph,sph,,DavidMcCandless_2010G,string,,failing that visualized information can just look really cool so let 's see,string,,f a i l i n g _ t h a t _ v i s u a l i z e d _ i n f o r m a t i o n _ c a n _ j u s t _ l o o k _ r e a l l y _ c o o l _ s o _ l e t _ ' s _ s e e,string,
123,137534,DavidMcCandless_2010G_794.47_804.28,9.81,794.47,804.28,./ressources/audio/TEDLIUM_release-3/legacy/train/sph/DavidMcCandless_2010G.sph,sph,,DavidMcCandless_2010G,string,,are perhaps not worth investigating now this image constitutes a huge amount of work we scraped like one thousand studies from pubmed the biomedical database,string,,a r e _ p e r h a p s _ n o t _ w o r t h _ i n v e s t i g a t i n g _ n o w _ t h i s _ i m a g e _ c o n s t i t u t e s _ a _ h u g e _ a m o u n t _ o f _ w o r k _ w e _ s c r a p e d _ l i k e _ o n e _ t h o u s a n d _ s t u d i e s _ f r o m _ p u b m e d _ t h e _ b i o m e d i c a l _ d a t a b a s e,string,
82,137493,DavidMcCandless_2010G_560.24_565.71,5.47,560.24,565.71,./ressources/audio/TEDLIUM_release-3/legacy/train/sph/DavidMcCandless_2010G.sph,sph,,DavidMcCandless_2010G,string,,your sense of sight is the fastest  it has the same bandwidth as a computer network,string,,y o u r _ s e n s e _ o f _ s i g h t _ i s _ t h e _ f a s t e s t _ _ i t _ h a s _ t h e _ s a m e _ b a n d w i d t h _ a s _ a _ c o m p u t e r _ n e t w o r k,string,
117,137528,DavidMcCandless_2010G_763.99_767.54,3.55,763.99,767.54,./ressources/audio/TEDLIUM_release-3/legacy/train/sph/DavidMcCandless_2010G.sph,sph,,DavidMcCandless_2010G,string,,this kind of diagram is called a balloon race ,string,,t h i s _ k i n d _ o f _ d i a g r a m _ i s _ c a l l e d _ a _ b a l l o o n _ r a c e _,string,
160,137571,DavidMcCandless_2010G_1045.2_1048.91,3.71,1045.2,1048.91,./ressources/audio/TEDLIUM_release-3/legacy/train/sph/DavidMcCandless_2010G.sph,sph,,DavidMcCandless_2010G,string,,which was emitting the most co2 was it the planes,string,,w h i c h _ w a s _ e m i t t i n g _ t h e _ m o s t _ c o 2 _ w a s _ i t _ t h e _ p l a n e s,string,
49,137460,DavidMcCandless_2010G_324.79_329.67,4.88,324.79,329.67,./ressources/audio/TEDLIUM_release-3/legacy/train/sph/DavidMcCandless_2010G.sph,sph,,DavidMcCandless_2010G,string,,it 's not a particularly great metaphor in these times especially if you live around the gulf,string,,i t _ ' s _ n o t _ a _ p a r t i c u l a r l y _ g r e a t _ m e t a p h o r _ i n _ t h e s e _ t i m e s _ e s p e c i a l l y _ i f _ y o u _ l i v e _ a r o u n d _ t h e _ g u l f,string,
9,137420,DavidMcCandless_2010G_74.02_75.02,1.0,74.02,75.02,./ressources/audio/TEDLIUM_release-3/legacy/train/sph/DavidMcCandless_2010G.sph,sph,,DavidMcCandless_2010G,string,,red is giving money,string,,r e d _ i s _ g i v i n g _ m o n e y,string,
95,137506,DavidMcCandless_2010G_641.52_645.7,4.18,641.52,645.7,./ressources/audio/TEDLIUM_release-3/legacy/train/sph/DavidMcCandless_2010G.sph,sph,,DavidMcCandless_2010G,string,,now you can see africa 's total debt there and the u k budget deficit for reference ,string,,n o w _ y o u _ c a n _ s e e _ a f r i c a _ ' s _ t o t a l _ d e b t _ t h e r e _ a n d _ t h e _ u _ k _ b u d g e t _ d e f i c i t _ f o r _ r e f e r e n c e _,string,
155,137566,DavidMcCandless_2010G_1015.73_1024.77,9.04,1015.73,1024.77,./ressources/audio/TEDLIUM_release-3/legacy/train/sph/DavidMcCandless_2010G.sph,sph,,DavidMcCandless_2010G,string,, and runaway skepticism and lack of transparency or even just interestingness i mean i find information just too interesting it has a magnetic quality that draws me in,string,,_ a n d _ r u n a w a y _ s k e p t i c i s m _ a n d _ l a c k _ o f _ t r a n s p a r e n c y _ o r _ e v e n _ j u s t _ i n t e r e s t i n g n e s s _ i _ m e a n _ i _ f i n d _ i n f o r m a t i o n _ j u s t _ t o o _ i n t e r e s t i n g _ i t _ h a s _ a _ m a g n e t i c _ q u a l i t y _ t h a t _ d r a w s _ m e _ i n,string,
146,137557,DavidMcCandless_2010G_955.13_962.89,7.76,955.13,962.89,./ressources/audio/TEDLIUM_release-3/legacy/train/sph/DavidMcCandless_2010G.sph,sph,,DavidMcCandless_2010G,string,, uncomfortably recognize how many of those qualities were actually in me which was very very annoying and uncomfortable,string,,_ u n c o m f o r t a b l y _ r e c o g n i z e _ h o w _ m a n y _ o f _ t h o s e _ q u a l i t i e s _ w e r e _ a c t u a l l y _ i n _ m e _ w h i c h _ w a s _ v e r y _ v e r y _ a n n o y i n g _ a n d _ u n c o m f o r t a b l e,string,
40,137451,DavidMcCandless_2010G_268.82_270.55,1.73,268.82,270.55,./ressources/audio/TEDLIUM_release-3/legacy/train/sph/DavidMcCandless_2010G.sph,sph,,DavidMcCandless_2010G,string,,massive month for,string,,m a s s i v e _ m o n t h _ f o r,string,
149,137560,DavidMcCandless_2010G_976.27_984.47,8.2,976.27,984.47,./ressources/audio/TEDLIUM_release-3/legacy/train/sph/DavidMcCandless_2010G.sph,sph,,DavidMcCandless_2010G,string,, you 're capable of holding conflicting viewpoints joyously when you can see them it 's even fun to engage with them because it 's visual so that 's what,string,,_ y o u _ ' r e _ c a p a b l e _ o f _ h o l d i n g _ c o n f l i c t i n g _ v i e w p o i n t s _ j o y o u s l y _ w h e n _ y o u _ c a n _ s e e _ t h e m _ i t _ ' s _ e v e n _ f u n _ t o _ e n g a g e _ w i t h _ t h e m _ b e c a u s e _ i t _ ' s _ v i s u a l _ s o _ t h a t _ ' s _ w h a t,string,
57,137468,DavidMcCandless_2010G_380.11_388.53,8.42,380.11,388.53,./ressources/audio/TEDLIUM_release-3/legacy/train/sph/DavidMcCandless_2010G.sph,sph,,DavidMcCandless_2010G,string,, a year  once in easter and then two weeks before christmas has a mini peak every monday  and then flattens out over the summer,string,,_ a _ y e a r _ _ o n c e _ i n _ e a s t e r _ a n d _ t h e n _ t w o _ w e e k s _ b e f o r e _ c h r i s t m a s _ h a s _ a _ m i n i _ p e a k _ e v e r y _ m o n d a y _ _ a n d _ t h e n _ f l a t t e n s _ o u t _ o v e r _ t h e _ s u m m e r,string,
157,137568,DavidMcCandless_2010G_1029.32_1035.31,5.99,1029.32,1035.31,./ressources/audio/TEDLIUM_release-3/legacy/train/sph/DavidMcCandless_2010G.sph,sph,,DavidMcCandless_2010G,string,,to those kinds of problems even when the information is terrible the visual can be quite beautiful,string,,t o _ t h o s e _ k i n d s _ o f _ p r o b l e m s _ e v e n _ w h e n _ t h e _ i n f o r m a t i o n _ i s _ t e r r i b l e _ t h e _ v i s u a l _ c a n _ b e _ q u i t e _ b e a u t i f u l,string,
127,137538,DavidMcCandless_2010G_830.02_837.41,7.39,830.02,837.41,./ressources/audio/TEDLIUM_release-3/legacy/train/sph/DavidMcCandless_2010G.sph,sph,,DavidMcCandless_2010G,string,, and once you 've curated that data and once you 've cleaned that data and once it 's there you can do cool stuff like this so i converted this into an interactive app ,string,,_ a n d _ o n c e _ y o u _ ' v e _ c u r a t e d _ t h a t _ d a t a _ a n d _ o n c e _ y o u _ ' v e _ c l e a n e d _ t h a t _ d a t a _ a n d _ o n c e _ i t _ ' s _ t h e r e _ y o u _ c a n _ d o _ c o o l _ s t u f f _ l i k e _ t h i s _ s o _ i _ c o n v e r t e d _ t h i s _ i n t o _ a n _ i n t e r a c t i v e _ a p p _,string,
141,137552,DavidMcCandless_2010G_929.95_932.04,2.09,929.95,932.04,./ressources/audio/TEDLIUM_release-3/legacy/train/sph/DavidMcCandless_2010G.sph,sph,,DavidMcCandless_2010G,string,,most exciting for me,string,,m o s t _ e x c i t i n g _ f o r _ m e,string,
35,137446,DavidMcCandless_2010G_243.84_245.64,1.8,243.84,245.64,./ressources/audio/TEDLIUM_release-3/legacy/train/sph/DavidMcCandless_2010G.sph,sph,,DavidMcCandless_2010G,string,,me highlight it for you,string,,m e _ h i g h l i g h t _ i t _ f o r _ y o u,string,
54,137465,DavidMcCandless_2010G_364.05_370.88,6.83,364.05,370.88,./ressources/audio/TEDLIUM_release-3/legacy/train/sph/DavidMcCandless_2010G.sph,sph,,DavidMcCandless_2010G,string,,but if you look at it directly it 's just a lot of numbers and disconnected facts  but if you start working with it and playing with it in a certain way ,string,,b u t _ i f _ y o u _ l o o k _ a t _ i t _ d i r e c t l y _ i t _ ' s _ j u s t _ a _ l o t _ o f _ n u m b e r s _ a n d _ d i s c o n n e c t e d _ f a c t s _ _ b u t _ i f _ y o u _ s t a r t _ w o r k i n g _ w i t h _ i t _ a n d _ p l a y i n g _ w i t h _ i t _ i n _ a _ c e r t a i n _ w a y _,string,
93,137504,DavidMcCandless_2010G_629.8_635.52,5.72,629.8,635.52,./ressources/audio/TEDLIUM_release-3/legacy/train/sph/DavidMcCandless_2010G.sph,sph,,DavidMcCandless_2010G,string,,america right massive six hundred and nine billion in two thousand and eight six hundred and seven rather,string,,a m e r i c a _ r i g h t _ m a s s i v e _ s i x _ h u n d r e d _ a n d _ n i n e _ b i l l i o n _ i n _ t w o _ t h o u s a n d _ a n d _ e i g h t _ s i x _ h u n d r e d _ a n d _ s e v e n _ r a t h e r,string,
138,137549,DavidMcCandless_2010G_912.85_915.47,2.62,912.85,915.47,./ressources/audio/TEDLIUM_release-3/legacy/train/sph/DavidMcCandless_2010G.sph,sph,,DavidMcCandless_2010G,string,,what i love about this image is,string,,w h a t _ i _ l o v e _ a b o u t _ t h i s _ i m a g e _ i s,string,
61,137472,DavidMcCandless_2010G_440.46_447.16,6.7,440.46,447.16,./ressources/audio/TEDLIUM_release-3/legacy/train/sph/DavidMcCandless_2010G.sph,sph,,DavidMcCandless_2010G,string,,being single over the summer  and then the lowest day of the year of course  christmas day  who would do that,string,,b e i n g _ s i n g l e _ o v e r _ t h e _ s u m m e r _ _ a n d _ t h e n _ t h e _ l o w e s t _ d a y _ o f _ t h e _ y e a r _ o f _ c o u r s e _ _ c h r i s t m a s _ d a y _ _ w h o _ w o u l d _ d o _ t h a t,string,
46,137457,DavidMcCandless_2010G_306.46_311.75,5.29,306.46,311.75,./ressources/audio/TEDLIUM_release-3/legacy/train/sph/DavidMcCandless_2010G.sph,sph,,DavidMcCandless_2010G,string,,so i 've been working as a data journalist for about a year and i keep hearing a phrase,string,,s o _ i _ ' v e _ b e e n _ w o r k i n g _ a s _ a _ d a t a _ j o u r n a l i s t _ f o r _ a b o u t _ a _ y e a r _ a n d _ i _ k e e p _ h e a r i n g _ a _ p h r a s e,string,
96,137507,DavidMcCandless_2010G_645.51_646.62,1.11,645.51,646.62,./ressources/audio/TEDLIUM_release-3/legacy/train/sph/DavidMcCandless_2010G.sph,sph,,DavidMcCandless_2010G,string,,so,string,,s o,string,
105,137516,DavidMcCandless_2010G_696.52_704.94,8.42,696.52,704.94,./ressources/audio/TEDLIUM_release-3/legacy/train/sph/DavidMcCandless_2010G.sph,sph,,DavidMcCandless_2010G,string,,china of course two point one million again chiming with your view that china has a militarized regime ready to you know mobilize its enormous forces,string,,c h i n a _ o f _ c o u r s e _ t w o _ p o i n t _ o n e _ m i l l i o n _ a g a i n _ c h i m i n g _ w i t h _ y o u r _ v i e w _ t h a t _ c h i n a _ h a s _ a _ m i l i t a r i z e d _ r e g i m e _ r e a d y _ t o _ y o u _ k n o w _ m o b i l i z e _ i t s _ e n o r m o u s _ f o r c e s,string,
50,137461,DavidMcCandless_2010G_329.81_336.69,6.88,329.81,336.69,./ressources/audio/TEDLIUM_release-3/legacy/train/sph/DavidMcCandless_2010G.sph,sph,,DavidMcCandless_2010G,string,, mexico  but i would perhaps adapt this metaphor slightly and i would say that data is the new soil,string,,_ m e x i c o _ _ b u t _ i _ w o u l d _ p e r h a p s _ a d a p t _ t h i s _ m e t a p h o r _ s l i g h t l y _ a n d _ i _ w o u l d _ s a y _ t h a t _ d a t a _ i s _ t h e _ n e w _ s o i l,string,
33,137444,DavidMcCandless_2010G_231.01_234.35,3.34,231.01,234.35,./ressources/audio/TEDLIUM_release-3/legacy/train/sph/DavidMcCandless_2010G.sph,sph,,DavidMcCandless_2010G,string,, these are what our fears look like over time in our media ,string,,_ t h e s e _ a r e _ w h a t _ o u r _ f e a r s _ l o o k _ l i k e _ o v e r _ t i m e _ i n _ o u r _ m e d i a _,string,
106,137517,DavidMcCandless_2010G_705.19_713.01,7.82,705.19,713.01,./ressources/audio/TEDLIUM_release-3/legacy/train/sph/DavidMcCandless_2010G.sph,sph,,DavidMcCandless_2010G,string,,but of course  china has an enormous population so if we do the same we see a radically different picture  china drops to ,string,,b u t _ o f _ c o u r s e _ _ c h i n a _ h a s _ a n _ e n o r m o u s _ p o p u l a t i o n _ s o _ i f _ w e _ d o _ t h e _ s a m e _ w e _ s e e _ a _ r a d i c a l l y _ d i f f e r e n t _ p i c t u r e _ _ c h i n a _ d r o p s _ t o _,string,
72,137483,DavidMcCandless_2010G_502.92_506.92,4.0,502.92,506.92,./ressources/audio/TEDLIUM_release-3/legacy/train/sph/DavidMcCandless_2010G.sph,sph,,DavidMcCandless_2010G,string,,the ideas of grids and space and alignment and typography it,string,,t h e _ i d e a s _ o f _ g r i d s _ a n d _ s p a c e _ a n d _ a l i g n m e n t _ a n d _ t y p o g r a p h y _ i t,string,
73,137484,DavidMcCandless_2010G_507.09_514.27,7.18,507.09,514.27,./ressources/audio/TEDLIUM_release-3/legacy/train/sph/DavidMcCandless_2010G.sph,sph,,DavidMcCandless_2010G,string,,'s almost like being exposed to all this media over the years had instilled a kind of dormant design literacy in me,string,,' s _ a l m o s t _ l i k e _ b e i n g _ e x p o s e d _ t o _ a l l _ t h i s _ m e d i a _ o v e r _ t h e _ y e a r s _ h a d _ i n s t i l l e d _ a _ k i n d _ o f _ d o r m a n t _ d e s i g n _ l i t e r a c y _ i n _ m e,string,
97,137508,DavidMcCandless_2010G_646.31_654.85,8.54,646.31,654.85,./ressources/audio/TEDLIUM_release-3/legacy/train/sph/DavidMcCandless_2010G.sph,sph,,DavidMcCandless_2010G,string,,that might well chime with your view that america is a sort of warmongering military machine out to overpower the world with its huge,string,,t h a t _ m i g h t _ w e l l _ c h i m e _ w i t h _ y o u r _ v i e w _ t h a t _ a m e r i c a _ i s _ a _ s o r t _ o f _ w a r m o n g e r i n g _ m i l i t a r y _ m a c h i n e _ o u t _ t o _ o v e r p o w e r _ t h e _ w o r l d _ w i t h _ i t s _ h u g e,string,
30,137441,DavidMcCandless_2010G_196.33_201.52,5.19,196.33,201.52,./ressources/audio/TEDLIUM_release-3/legacy/train/sph/DavidMcCandless_2010G.sph,sph,,DavidMcCandless_2010G,string,,as reported in the media  let me point them out so this swine flu pink,string,,a s _ r e p o r t e d _ i n _ t h e _ m e d i a _ _ l e t _ m e _ p o i n t _ t h e m _ o u t _ s o _ t h i s _ s w i n e _ f l u _ p i n k,string,
87,137498,DavidMcCandless_2010G_595.92_601.49,5.57,595.92,601.49,./ressources/audio/TEDLIUM_release-3/legacy/train/sph/DavidMcCandless_2010G.sph,sph,,DavidMcCandless_2010G,string,,it loves them and it calls them beautiful it 's the language of the eye  if you combine the language of the eye,string,,i t _ l o v e s _ t h e m _ a n d _ i t _ c a l l s _ t h e m _ b e a u t i f u l _ i t _ ' s _ t h e _ l a n g u a g e _ o f _ t h e _ e y e _ _ i f _ y o u _ c o m b i n e _ t h e _ l a n g u a g e _ o f _ t h e _ e y e,string,
4,137415,DavidMcCandless_2010G_41.54_50.08,8.54,41.54,50.08,./ressources/audio/TEDLIUM_release-3/legacy/train/sph/DavidMcCandless_2010G.sph,sph,,DavidMcCandless_2010G,string,,this is the $ billion dollar o gram and this image arose out of frustration i had with the reporting of billion dollar amounts in the press,string,,t h i s _ i s _ t h e _ $ _ b i l l i o n _ d o l l a r _ o _ g r a m _ a n d _ t h i s _ i m a g e _ a r o s e _ o u t _ o f _ f r u s t r a t i o n _ i _ h a d _ w i t h _ t h e _ r e p o r t i n g _ o f _ b i l l i o n _ d o l l a r _ a m o u n t s _ i n _ t h e _ p r e s s,string,
74,137485,DavidMcCandless_2010G_514.44_520.87,6.43,514.44,520.87,./ressources/audio/TEDLIUM_release-3/legacy/train/sph/DavidMcCandless_2010G.sph,sph,,DavidMcCandless_2010G,string,, and i don 't feel like i 'm unique  i feel that everyday all of us now are being blasted by information design,string,,_ a n d _ i _ d o n _ ' t _ f e e l _ l i k e _ i _ ' m _ u n i q u e _ _ i _ f e e l _ t h a t _ e v e r y d a y _ a l l _ o f _ u s _ n o w _ a r e _ b e i n g _ b l a s t e d _ b y _ i n f o r m a t i o n _ d e s i g n,string,
75,137486,DavidMcCandless_2010G_520.41_527.66,7.25,520.41,527.66,./ressources/audio/TEDLIUM_release-3/legacy/train/sph/DavidMcCandless_2010G.sph,sph,,DavidMcCandless_2010G,string,,it 's being poured into our eyes through the web and we 're all visualizers now we 're all demanding a visual aspect to our,string,,i t _ ' s _ b e i n g _ p o u r e d _ i n t o _ o u r _ e y e s _ t h r o u g h _ t h e _ w e b _ a n d _ w e _ ' r e _ a l l _ v i s u a l i z e r s _ n o w _ w e _ ' r e _ a l l _ d e m a n d i n g _ a _ v i s u a l _ a s p e c t _ t o _ o u r,string,
81,137492,DavidMcCandless_2010G_555.65_560.61,4.96,555.65,560.61,./ressources/audio/TEDLIUM_release-3/legacy/train/sph/DavidMcCandless_2010G.sph,sph,,DavidMcCandless_2010G,string,,so here we go this is your senses pouring into your senses every second,string,,s o _ h e r e _ w e _ g o _ t h i s _ i s _ y o u r _ s e n s e s _ p o u r i n g _ i n t o _ y o u r _ s e n s e s _ e v e r y _ s e c o n d,string,
152,137563,DavidMcCandless_2010G_995.65_998.3,2.65,995.65,998.3,./ressources/audio/TEDLIUM_release-3/legacy/train/sph/DavidMcCandless_2010G.sph,sph,,DavidMcCandless_2010G,string,,just to wrap up i wanted to say that,string,,j u s t _ t o _ w r a p _ u p _ i _ w a n t e d _ t o _ s a y _ t h a t,string,
159,137570,DavidMcCandless_2010G_1042.35_1045,2.65,1042.35,1045.0,./ressources/audio/TEDLIUM_release-3/legacy/train/sph/DavidMcCandless_2010G.sph,sph,,DavidMcCandless_2010G,string,,the recent icelandic volcano ,string,,t h e _ r e c e n t _ i c e l a n d i c _ v o l c a n o _,string,
64,137475,DavidMcCandless_2010G_460.81_462.29,1.48,460.81,462.29,./ressources/audio/TEDLIUM_release-3/legacy/train/sph/DavidMcCandless_2010G.sph,sph,,DavidMcCandless_2010G,string,,so,string,,s o,string,
68,137479,DavidMcCandless_2010G_485.51_491.64,6.13,485.51,491.64,./ressources/audio/TEDLIUM_release-3/legacy/train/sph/DavidMcCandless_2010G.sph,sph,,DavidMcCandless_2010G,string,,i 've never been to design school  i 've never studied art or anything  i just kind of learned through doing,string,,i _ ' v e _ n e v e r _ b e e n _ t o _ d e s i g n _ s c h o o l _ _ i _ ' v e _ n e v e r _ s t u d i e d _ a r t _ o r _ a n y t h i n g _ _ i _ j u s t _ k i n d _ o f _ l e a r n e d _ t h r o u g h _ d o i n g,string,
90,137501,DavidMcCandless_2010G_610.48_617.6,7.12,610.48,617.6,./ressources/audio/TEDLIUM_release-3/legacy/train/sph/DavidMcCandless_2010G.sph,sph,,DavidMcCandless_2010G,string,,so you have the eye  and then you drop in the concepts and that whole thing it 's two languages both working at the same time ,string,,s o _ y o u _ h a v e _ t h e _ e y e _ _ a n d _ t h e n _ y o u _ d r o p _ i n _ t h e _ c o n c e p t s _ a n d _ t h a t _ w h o l e _ t h i n g _ i t _ ' s _ t w o _ l a n g u a g e s _ b o t h _ w o r k i n g _ a t _ t h e _ s a m e _ t i m e _,string,
113,137524,DavidMcCandless_2010G_742.62_750.05,7.43,742.62,750.05,./ressources/audio/TEDLIUM_release-3/legacy/train/sph/DavidMcCandless_2010G.sph,sph,,DavidMcCandless_2010G,string,,and if it can do that maybe it can also change your behavior take a look at this one i 'm a bit of a health nut  i love,string,,a n d _ i f _ i t _ c a n _ d o _ t h a t _ m a y b e _ i t _ c a n _ a l s o _ c h a n g e _ y o u r _ b e h a v i o r _ t a k e _ a _ l o o k _ a t _ t h i s _ o n e _ i _ ' m _ a _ b i t _ o f _ a _ h e a l t h _ n u t _ _ i _ l o v e,string,
128,137539,DavidMcCandless_2010G_837.18_843.15,5.97,837.18,843.15,./ressources/audio/TEDLIUM_release-3/legacy/train/sph/DavidMcCandless_2010G.sph,sph,,DavidMcCandless_2010G,string,,so i can now generate this application online this is the visualization online and i can say yeah brilliant,string,,s o _ i _ c a n _ n o w _ g e n e r a t e _ t h i s _ a p p l i c a t i o n _ o n l i n e _ t h i s _ i s _ t h e _ v i s u a l i z a t i o n _ o n l i n e _ a n d _ i _ c a n _ s a y _ y e a h _ b r i l l i a n t,string,
2,137413,DavidMcCandless_2010G_25.94_34.35,8.41,25.94,34.35,./ressources/audio/TEDLIUM_release-3/legacy/train/sph/DavidMcCandless_2010G.sph,sph,,DavidMcCandless_2010G,string,, and then designing that information so it makes more sense or it tells a story or allows us to focus only on the information that 's important ,string,,_ a n d _ t h e n _ d e s i g n i n g _ t h a t _ i n f o r m a t i o n _ s o _ i t _ m a k e s _ m o r e _ s e n s e _ o r _ i t _ t e l l s _ a _ s t o r y _ o r _ a l l o w s _ u s _ t o _ f o c u s _ o n l y _ o n _ t h e _ i n f o r m a t i o n _ t h a t _ ' s _ i m p o r t a n t _,string,
132,137543,DavidMcCandless_2010G_858.41_862.33,3.92,858.41,862.33,./ressources/audio/TEDLIUM_release-3/legacy/train/sph/DavidMcCandless_2010G.sph,sph,,DavidMcCandless_2010G,string,,just show me herbs and plants i 've got all the natural ingredients,string,,j u s t _ s h o w _ m e _ h e r b s _ a n d _ p l a n t s _ i _ ' v e _ g o t _ a l l _ t h e _ n a t u r a l _ i n g r e d i e n t s,string,
143,137554,DavidMcCandless_2010G_935.28_942.45,7.17,935.28,942.45,./ressources/audio/TEDLIUM_release-3/legacy/train/sph/DavidMcCandless_2010G.sph,sph,,DavidMcCandless_2010G,string,,i desperately wanted this side  the left side to be better than the right side being a journalist a left leaning person,string,,i _ d e s p e r a t e l y _ w a n t e d _ t h i s _ s i d e _ _ t h e _ l e f t _ s i d e _ t o _ b e _ b e t t e r _ t h a n _ t h e _ r i g h t _ s i d e _ b e i n g _ a _ j o u r n a l i s t _ a _ l e f t _ l e a n i n g _ p e r s o n,string,
108,137519,DavidMcCandless_2010G_716.11_718.62,2.51,716.11,718.62,./ressources/audio/TEDLIUM_release-3/legacy/train/sph/DavidMcCandless_2010G.sph,sph,,DavidMcCandless_2010G,string,,when you take other data into consideration ,string,,w h e n _ y o u _ t a k e _ o t h e r _ d a t a _ i n t o _ c o n s i d e r a t i o n _,string,
154,137565,DavidMcCandless_2010G_1005.26_1015.83,10.57,1005.26,1015.83,./ressources/audio/TEDLIUM_release-3/legacy/train/sph/DavidMcCandless_2010G.sph,sph,,DavidMcCandless_2010G,string,,is about solving information problems it feels like we have a lot of information problems in our society at the moment from the overload and the saturation to the breakdown of trust and reliability ,string,,i s _ a b o u t _ s o l v i n g _ i n f o r m a t i o n _ p r o b l e m s _ i t _ f e e l s _ l i k e _ w e _ h a v e _ a _ l o t _ o f _ i n f o r m a t i o n _ p r o b l e m s _ i n _ o u r _ s o c i e t y _ a t _ t h e _ m o m e n t _ f r o m _ t h e _ o v e r l o a d _ a n d _ t h e _ s a t u r a t i o n _ t o _ t h e _ b r e a k d o w n _ o f _ t r u s t _ a n d _ r e l i a b i l i t y _,string,
24,137435,DavidMcCandless_2010G_154.23_159.28,5.05,154.23,159.28,./ressources/audio/TEDLIUM_release-3/legacy/train/sph/DavidMcCandless_2010G.sph,sph,,DavidMcCandless_2010G,string,,that much money  eleven thousand nine hundred,string,,t h a t _ m u c h _ m o n e y _ _ e l e v e n _ t h o u s a n d _ n i n e _ h u n d r e d,string,
83,137494,DavidMcCandless_2010G_565.91_575.56,9.65,565.91,575.56,./ressources/audio/TEDLIUM_release-3/legacy/train/sph/DavidMcCandless_2010G.sph,sph,,DavidMcCandless_2010G,string,,then you have touch which is about the speed of a usb key  and then you have hearing and smell which has the throughput of a hard disk and then you have poor old taste which is like,string,,t h e n _ y o u _ h a v e _ t o u c h _ w h i c h _ i s _ a b o u t _ t h e _ s p e e d _ o f _ a _ u s b _ k e y _ _ a n d _ t h e n _ y o u _ h a v e _ h e a r i n g _ a n d _ s m e l l _ w h i c h _ h a s _ t h e _ t h r o u g h p u t _ o f _ a _ h a r d _ d i s k _ a n d _ t h e n _ y o u _ h a v e _ p o o r _ o l d _ t a s t e _ w h i c h _ i s _ l i k e,string,
67,137478,DavidMcCandless_2010G_476.06_485.7,9.64,476.06,485.7,./ressources/audio/TEDLIUM_release-3/legacy/train/sph/DavidMcCandless_2010G.sph,sph,,DavidMcCandless_2010G,string,, i started as a programmer and then i worked as a writer for many years about twenty years in print online and then in advertising and only recently have i started designing and,string,,_ i _ s t a r t e d _ a s _ a _ p r o g r a m m e r _ a n d _ t h e n _ i _ w o r k e d _ a s _ a _ w r i t e r _ f o r _ m a n y _ y e a r s _ a b o u t _ t w e n t y _ y e a r s _ i n _ p r i n t _ o n l i n e _ a n d _ t h e n _ i n _ a d v e r t i s i n g _ a n d _ o n l y _ r e c e n t l y _ h a v e _ i _ s t a r t e d _ d e s i g n i n g _ a n d,string,
125,137536,DavidMcCandless_2010G_810.71_819.05,8.34,810.71,819.05,./ressources/audio/TEDLIUM_release-3/legacy/train/sph/DavidMcCandless_2010G.sph,sph,,DavidMcCandless_2010G,string,,visualizations to do for my book and i spent a month doing this and i only filled two pages but what it points to is that,string,,v i s u a l i z a t i o n s _ t o _ d o _ f o r _ m y _ b o o k _ a n d _ i _ s p e n t _ a _ m o n t h _ d o i n g _ t h i s _ a n d _ i _ o n l y _ f i l l e d _ t w o _ p a g e s _ b u t _ w h a t _ i t _ p o i n t s _ t o _ i s _ t h a t,string,
7,137418,DavidMcCandless_2010G_60.93_72.82,11.89,60.93,72.82,./ressources/audio/TEDLIUM_release-3/legacy/train/sph/DavidMcCandless_2010G.sph,sph,,DavidMcCandless_2010G,string,,so i scraped a load of reported figures from various news outlets and then scaled the boxes according to those amounts and the colors here represent the motivation behind the money  so purple is,string,,s o _ i _ s c r a p e d _ a _ l o a d _ o f _ r e p o r t e d _ f i g u r e s _ f r o m _ v a r i o u s _ n e w s _ o u t l e t s _ a n d _ t h e n _ s c a l e d _ t h e _ b o x e s _ a c c o r d i n g _ t o _ t h o s e _ a m o u n t s _ a n d _ t h e _ c o l o r s _ h e r e _ r e p r e s e n t _ t h e _ m o t i v a t i o n _ b e h i n d _ t h e _ m o n e y _ _ s o _ p u r p l e _ i s,string,
107,137518,DavidMcCandless_2010G_714.46_716.32,1.86,714.46,716.32,./ressources/audio/TEDLIUM_release-3/legacy/train/sph/DavidMcCandless_2010G.sph,sph,,DavidMcCandless_2010G,string,,it actually has a tiny army,string,,i t _ a c t u a l l y _ h a s _ a _ t i n y _ a r m y,string,
